timestep	mm	Datum data
15 min	13,00	04.07.1928
15 min	15,20	13.08.1939
15 min	19,20	15.08.1955
15 min	10,00	14.08.1957
15 min	7,60	29.06.1959
15 min	9,40	24.06.1960
15 min	10,00	21.07.1963
15 min	9,60	06.07.1968
15 min	5,20	05.09.1969
15 min	10,20	21.08.1970
15 min	12,00	24.07.1972
15 min	15,20	23.08.1973
15 min	8,00	30.07.1974
15 min	5,20	10.07.1975
15 min	7,80	29.09.1976
15 min	6,00	26.07.1977
15 min	3,80	06.06.1978
15 min	8,40	27.06.1979
15 min	11,00	26.07.1980
15 min	16,00	06.08.1981
15 min	14,40	13.07.1982
15 min	8,40	08.09.1983
15 min	9,00	28.08.1984
15 min	21,40	15.07.1985
15 min	16,00	23.05.1986
15 min	12,00	06.09.1987
15 min	12,00	20.08.1988
15 min	11,20	27.08.1989
15 min	8,40	04.09.1990
15 min	9,80	01.08.1991
15 min	17,00	29.08.1992
15 min	12,00	20.07.1993
15 min	10,20	07.07.1994
15 min	14,40	12.07.1995
15 min	17,40	12.06.1996
15 min	14,00	12.06.1997
15 min	11,60	25.06.1998
15 min	11,00	27.05.1999
15 min	7,60	20.09.2000
15 min	20,40	30.06.2001
15 min	11,80	13.07.2002
15 min	12,20	17.07.2003
15 min	14,00	01.07.2004
15 min	17,60	04.09.2005
15 min	19,60	25.07.2006
15 min	13,80	30.04.2007
15 min	11,60	01.09.2008
15 min	10,80	30.07.2009
15 min	8,60	27.08.2010
15 min	9,90	18.09.2011
15 min	14,00	23.06.2012
15 min	13,00	02.05.2013
15 min	13,60	31.08.2014
15 min	13,30	08.10.2015
15 min	14,80	13.06.2016
15 min	15,90	25.06.2017
15 min	11,40	27.05.2018
15 min	26,60	06.08.2019
15 min	14,60	30.07.2020
15 min	10,90	26.07.2021
15 min	16,40	25.07.2022
30 min	18	18457
30 min	12	18888
30 min	16	19192
30 min	27,6	20296
30 min	18	20604
30 min	16	21040
30 min	22	21343
30 min	21	22817
30 min	18	23948
30 min	10	24678
30 min	9,2	25451
30 min	14,6	25801
30 min	17,4	26504
30 min	21,4	26899
30 min	10,8	27240
30 min	7,6	27585
30 min	10	28032
30 min	7,4	28332
30 min	4,4	28647
30 min	9,6	29007
30 min	14	29428
30 min	21,4	29804
30 min	17,2	30145
30 min	12,4	30538
30 min	13,4	30922
30 min	23,6	31243
30 min	24,2	31555
30 min	16,6	31928
30 min	17,8	32375
30 min	15,4	32747
30 min	10,2	33120
30 min	12,2	33444
30 min	17,8	33845
30 min	14	34170
30 min	13	34528
30 min	18,6	34892
30 min	24,6	35228
30 min	14,8	35593
30 min	17,6	35971
30 min	13,2	36332
30 min	10,4	36789
30 min	29,4	37072
30 min	13	37450
30 min	13	37819
30 min	16,4	38169
30 min	24	38599
30 min	36,8	38923
30 min	15,7	39202
30 min	21,5	39692
30 min	15	40024
30 min	10,6	40398
30 min	12,6	40804
30 min	17,8	41152
30 min	14,8	41396
30 min	17,7	41882
30 min	17,3	42163
30 min	23	42534
30 min	25,5	42911
30 min	18,6	43247
30 min	26,9	43683
30 min	25,5	44042
30 min	16	44390
30 min	22,9	44767
45 min	14,8	8598
45 min	11	24678
45 min	10,6	25025
45 min	9,6	25451
45 min	16,4	25780
45 min	18,4	26504
45 min	24,4	26899
45 min	11,4	27240
45 min	11	27585
45 min	11,2	28012
45 min	10,2	28332
45 min	6	28686
45 min	12,4	29007
45 min	14,2	29428
45 min	22,2	29804
45 min	18	30145
45 min	13,6	30538
45 min	16,6	30922
45 min	24	31243
45 min	25,2	31555
45 min	18,8	31928
45 min	19,4	32375
45 min	15,8	32699
45 min	11,4	33045
45 min	15	33444
45 min	19,2	33845
45 min	14,2	34170
45 min	13,8	34528
45 min	25,4	34892
45 min	25,8	35228
45 min	14,8	35593
45 min	25,6	35971
45 min	14,8	36332
45 min	13,2	36789
45 min	30,4	37072
45 min	14,8	37401
45 min	13	37819
45 min	16,6	38169
45 min	24,8	38599
45 min	40,4	38923
45 min	16,3	39202
45 min	24,2	39692
45 min	18,2	40024
45 min	10,8	40405
45 min	14	40804
45 min	24,2	41152
45 min	16	41396
45 min	22	41882
45 min	18,8	42285
45 min	25,5	42534
45 min	34	42929
45 min	21,4	43318
45 min	26,9	43683
45 min	27,8	44042
45 min	17	44390
45 min	24,9	44767
1 h	32	10431
1 h	15,4	13299
1 h	30,2	13705
1 h	21	14432
1 h	9,8	14788
1 h	16	15200
1 h	20,2	15530
1 h	28,3	18472
1 h	23,4	18888
1 h	20	19192
1 h	26,8	19573
1 h	13,6	19988
1 h	30,4	20296
1 h	20,6	20604
1 h	34,2	21040
1 h	28	21343
1 h	14,2	21851
1 h	17	22158
1 h	12,8	22442
1 h	31	22817
1 h	28,4	23213
1 h	15,4	23547
1 h	23	23948
1 h	25,2	24302
1 h	16	24678
1 h	12,2	25025
1 h	9,8	25451
1 h	18	25780
1 h	23	26504
1 h	25	26899
1 h	11,4	27240
1 h	14,4	27585
1 h	12,2	28063
1 h	11,4	28332
1 h	7,4	28682
1 h	14,6	29007
1 h	14,2	29428
1 h	22,2	29804
1 h	18,2	30145
1 h	15	30567
1 h	17,4	30922
1 h	24	31243
1 h	25,2	31555
1 h	21,8	32026
1 h	19,6	32375
1 h	16,6	32699
1 h	13,2	33045
1 h	16,2	33444
1 h	24,2	33845
1 h	16	34170
1 h	16,2	34521
1 h	29,6	34892
1 h	25,8	35228
1 h	14,8	35593
1 h	28	35971
1 h	15,6	36332
1 h	16,4	36789
1 h	34,2	37072
1 h	20	37401
1 h	13,2	37819
1 h	18	38170
1 h	24,8	38599
1 h	41,8	38924
1 h	16,8	39202
1 h	24,9	39692
1 h	18,5	40024
1 h	12,9	40405
1 h	15,4	40804
1 h	28,4	41152
1 h	16,7	41396
1 h	22,1	41882
1 h	20,3	42285
1 h	25,6	42534
1 h	41,4	42929
1 h	25,1	43318
1 h	26,9	43683
1 h	28	44042
1 h	18	44413
1 h	25,6	44767
3 h	36,6	10431
3 h	25	13299
3 h	32	13705
3 h	28,4	14428
3 h	14	14808
3 h	26	15200
3 h	20,2	15530
3 h	28,3	18472
3 h	38,4	18888
3 h	31	19226
3 h	27,2	19573
3 h	22	19946
3 h	30,8	20296
3 h	23,2	20614
3 h	54,2	21040
3 h	31,8	21343
3 h	23,6	21850
3 h	34,4	22077
3 h	15,8	22505
3 h	33	22817
3 h	30	23213
3 h	26,2	23562
3 h	23,6	23948
3 h	25,2	24302
3 h	23,8	24678
3 h	16,8	25010
3 h	17,2	25371
3 h	25	25788
3 h	24,2	26504
3 h	34,2	26898
3 h	13	27251
3 h	33,4	27585
3 h	19	28032
3 h	31,6	28332
3 h	17,2	28685
3 h	23,6	29091
3 h	16,2	29511
3 h	31,4	29785
3 h	24,6	30200
3 h	23,8	30458
3 h	22,6	30822
3 h	43,6	31264
3 h	29	31444
3 h	29,2	32026
3 h	33,6	32375
3 h	19,4	32728
3 h	23,2	33045
3 h	17,4	33444
3 h	29,2	33845
3 h	25	34170
3 h	24,8	34521
3 h	38,2	34892
3 h	27,8	35238
3 h	21,8	35607
3 h	31,4	35971
3 h	27,6	36423
3 h	29,8	36789
3 h	52,8	37072
3 h	33	37401
3 h	18,6	37778
3 h	34	38170
3 h	25,6	38599
3 h	45,4	38926
3 h	17,7	39202
3 h	28,2	39666
3 h	19,3	40024
3 h	19	40405
3 h	30,6	40804
3 h	46,2	41152
3 h	28,6	41511
3 h	22,5	41770
3 h	24,3	42286
3 h	26,4	42547
3 h	51	42911
3 h	31,3	43284
3 h	27,5	43683
3 h	33,5	44072
3 h	31,3	44413
3 h	28,8	44767
6 h	66	42911
6 h	63,4	21040
6 h	59,9	41152
6 h	59,8	31264
6 h	52,8	37072
6 h	51,4	38926
6 h	48,4	31444
6 h	45,7	44072
6 h	43,8	22077
6 h	43,2	29785
6 h	42,9	44413
6 h	41,6	27585
6 h	41,2	36423
6 h	40,6	34244
6 h	40	20724
6 h	39,5	40804
6 h	39	18888
6 h	38,8	35238
6 h	38,8	37401
6 h	38,4	10431
6 h	38,4	32046
6 h	38,4	34892
6 h	38,3	41570
6 h	38,2	15200
6 h	38,2	26899
6 h	38	35607
6 h	36,9	42548
6 h	36,9	43560
6 h	36,8	32375
6 h	36,6	19288
6 h	36,6	36789
6 h	36,4	21850
6 h	35,6	28331
6 h	35,6	38170
6 h	34,8	22834
6 h	34,6	36075
6 h	34,4	33845
6 h	33,9	43284
6 h	33,8	13705
6 h	33,4	14432
6 h	33,4	30458
6 h	33,2	21343
6 h	33	39272
6 h	32	25788
6 h	31,4	20296
6 h	31,2	42133
6 h	31	23562
6 h	30,6	23213
6 h	30,3	44767
6 h	30,2	28032
6 h	29,6	41841
6 h	29,6	29091
6 h	29,4	24415
6 h	29	18367
6 h	29	34578
6 h	28,5	39666
6 h	28,4	30822
6 h	27,8	30163
6 h	27,2	19573
6 h	27	33202
6 h	26,6	28665
6 h	26	29519
6 h	25,6	24678
6 h	25,6	38599
6 h	25	32692
6 h	25	22597
6 h	25	13299
6 h	24,6	19912
6 h	24,2	26504
6 h	24	40405
6 h	24	15610
6 h	23,6	23948
6 h	23,4	33450
6 h	23,1	40082
6 h	23	25010
6 h	21,2	37899
6 h	19,2	25371
6 h	17,2	14808
6 h	16	27251
12 h	38,6	10431
12 h	28,8	13256
12 h	37,8	13705
12 h	37	14432
12 h	22,8	14864
12 h	40,2	15200
12 h	35	15609
12 h	34,8	18367
12 h	40,2	18888
12 h	52	19317
12 h	36,8	19627
12 h	27,4	19982
12 h	31,6	20296
12 h	63	20724
12 h	64	21040
12 h	33,6	21343
12 h	48,6	21850
12 h	53,4	22175
12 h	39,8	22597
12 h	35,6	22817
12 h	45,6	23209
12 h	39	23619
12 h	24,4	23948
12 h	58,2	24415
12 h	30	24783
12 h	26,6	25110
12 h	29,4	25217
12 h	33	25788
12 h	24,2	26504
12 h	38,2	26899
12 h	20,6	27251
12 h	41,6	27585
12 h	36,8	28063
12 h	35,8	28331
12 h	43,2	28665
12 h	44	29119
12 h	40,6	29511
12 h	63,2	29785
12 h	30,6	30163
12 h	40	30458
12 h	35,8	30766
12 h	63,6	31264
12 h	86,8	31443
12 h	40,8	32012
12 h	39,4	32428
12 h	32,2	32692
12 h	39,6	33202
12 h	29,4	33448
12 h	35,8	33845
12 h	65,6	34244
12 h	38,2	34578
12 h	38,4	34892
12 h	54,8	35238
12 h	52,8	35607
12 h	45,8	36075
12 h	66,8	36423
12 h	43,2	36789
12 h	52,8	37072
12 h	40	37401
12 h	32,2	37952
12 h	37,2	38170
12 h	25,6	38599
12 h	51,4	38926
12 h	35,6	39273
12 h	37,5	39550
12 h	29,7	40172
12 h	30	40405
12 h	57,5	40804
12 h	69,3	41152
12 h	65,8	41570
12 h	44,3	41949
12 h	31,2	42133
12 h	48,9	42587
12 h	74,9	42911
12 h	60,3	43401
12 h	48,4	43560
12 h	56,9	44171
12 h	48,6	44413
12 h	30,3	44767
24 h	113,4	31443
24 h	108,8	29785
24 h	98,6	24414
24 h	93,1	43401
24 h	91,8	34244
24 h	90,9	40805
24 h	87,4	21850
24 h	84,4	29119
24 h	84	44171
24 h	83,4	41949
24 h	83,2	35607
24 h	79,6	41224
24 h	75,8	31285
24 h	75	42911
24 h	70,8	36423
24 h	68,8	19316
24 h	68,1	41571
24 h	66	20724
24 h	65,4	36074
24 h	64,6	26898
24 h	64	21040
24 h	63,6	35237
24 h	62	22175
24 h	61,8	30458
24 h	61,4	15609
24 h	60	20295
24 h	58,7	28016
24 h	58	10431
24 h	57,8	28665
24 h	57	37575
24 h	56,8	32013
24 h	56,4	32428
24 h	55,8	29511
24 h	55,4	19573
24 h	53,8	23658
24 h	53,7	43684
24 h	53,6	33199
24 h	53,4	18700
24 h	53,4	38169
24 h	53,4	22750
24 h	53,2	36717
24 h	53,1	44474
24 h	52,8	37072
24 h	51,6	13705
24 h	51,4	38926
24 h	51,4	42587
24 h	49,6	14408
24 h	49,2	22597
24 h	49	24571
24 h	48,2	30822
24 h	47,9	39273
24 h	47	39550
24 h	46	33881
24 h	45,8	27483
24 h	45,6	23209
24 h	45,2	40147
24 h	43,6	21470
24 h	42,4	37898
24 h	41,8	34578
24 h	41,2	34949
24 h	41,2	23995
24 h	40,5	40476
24 h	40,2	15200
24 h	40	20068
24 h	40	28336
24 h	38,6	32691
24 h	37,4	25800
24 h	35	18367
24 h	34,6	33522
24 h	34,4	26462
24 h	33,8	30229
24 h	33,8	24970
24 h	33	25217
24 h	33	13256
24 h	32,6	27093
24 h	31,2	42133
24 h	30,4	44768
24 h	29	38628
24 h	27	14864
